0100110100101110110010110000110011111001110101011110110010110100011010110011010111101011100000001110011101001001000111110010001101
0011001111111111110001000111111010010101000011101010100001011100000100111000100111100101111101000100100000100011001001011110100110
1000010101101010101010100001100010110101100011011001101100101011100000111000000000001010010110011101011010000110101010010010001001
1011010011000010101110001110000101101111101011010010101010001000111010100000001000010000111000001000100110111011010011011100011000
1111100011101100101110001011011101101010000111000001100111011000100101010110110100010010010110110001001011010100110011010110100101
1001000101101111111110011100100011101000111100011001011010100110000001001010111111001000100100000110010000011010100100011001001010
0010100000110000000101010001111110001100100000110001011000101101011111110001101001101110000111001011011101111101100101111001110000
1001110011000010001101111011101111001100110101010101111001010011001101000011010011111110000111010101110101001000000100011001011011
1110111101101100001100000101001100010111100001010101001110010110110001101001000111101000110001111000100101010000110111100011100011
0010101111110011000110001000010101001101010100001100011100010010011110100011001100010110001111011101010000100101100111110100011100
0000110010110000110110011010011110011001000011001111110110110010001001000010101000100011001111001100100001100110000010010011100100
1111001011101100000100110110110100101111110011111000010101101110101100101000000111100101010001011000011111100011011110000011111110
1101000100010100111001110001001000111010010000000101111101110111011010100011101110101010011000010110101010000110001001110000001101
0100000000110010110111000011010101001101100111001010011111101010001010000010111010100011000000100101100011010000010010111001001000
0001110110011010111010001111000001101111011001110111101101100110101111010101110010010001101111010100100100011101001000010010100000
0101110001010100110110111111101100000110111001111001111100010011000001110011111101010111110011010000100111110000111011001001001100
0010100111110011111011111001011111110000000100000001100110000110101111011100111101110110101110111101111101100010001001001010010000
1000101001001001111110001110001001101001101101111011010000010100111100011001110001101010110000000111100011101111101000111001100011
1000011011110110000110101110010010111100000101110010111000101100111001111101000010010111101100111011110111110010101011001111110110
0110000011010010010010101101110111010011101000100000110111001101111001101011110101110010000010111111010101010111101111010111111110
1000000110010000101000101001100101111001110101100101101001001110010001001011100000111101101010010111001110110110000011001100101100
0011001111010100001101111000011011011001011110111000101101110001110110001110111100001101100010010100000000100001010001110101101010
0101101100011100011111000000110101000010101010100101010110101111001001010100111001001001101110010101111011110111100011000010001101
1101111001101011001101101110101111010000001010110110011000110110100101101110000110110111101001111010000111000001110001010010000011
0110100110110110110110100011111100110010001000110101010010000000100010100011110110101110000010110000010111100011010111010011111010
0010011010011010000110111001101111000000100001110100001101001010001011001001111011011011100110011101000000010001000000011001100000
0110000100010101111011111000010110000000100111111110001001101011010101110001110100111010010110001110000010111000000100100010111000
0110101101011110010111111000100011101010110011111110100011111101100010100101101111001100110011101101100100101010000100000011110100
0111001111100010001000111010110101010000010011011101100000111011100000001001011110100110101011110000011000101111110101001111111001
0101100100000100000110100101101000101110011101010101111000001111100000110010111011111011001011110111101100010111011101110110010000
0010000101110010000110011100001100111010010011011111100100111000111100011001110101111101100011111100001011000100010001001101001010
1111111010100001011110000000000011011001100110011010001100101010010001110111000011000101001000101110001100011010011100010100001101
0100000111000010011100111011100110001011111001001000111100001010101001000110001100011100101100110111001110000010001110110111001110
0110011101100110101000111000011101011111010100000110110011101111100001001001000111011001101111011110011110011100101101001000000011
0111111100101001110101011001110011000011111111111000010100111001101110100000010100001111100001101110010000110011001111011010100100
1111001110001111101000101110100110101011011111011101111111101101100001011111101000101010100111001111010100010001011100010110011010
1101110000000100000010101100100000101111011000000011001101010110111110111100100011011001011011011101100110111000110111100111101100
1101110001000110110010001010111111110010000110111010000110100111111100010000000100001110001100000010100101110011011101100000000001
1010110011011101010011101001111011100100100110101010001011100010111100111011011001001111111001100110010001100001111110000110010111
1111011100100010011010011010011011001001110010011110110110001001010101010100100110111001011111101110101000101011001100111001110000
1000010111110001100000000000001101011110010110001110111100101010001011111111101100110011001101010101101101011110111000101110001010
1110111010011110110110011101111111100111101101111000101001111001010100010111000011101100010101010011010101010100110111010010101010
0000001111000101011110100011011000001111010100110101101101100100001010011111000001111101110101010000110110100001000100000100010011
1100000100110010011111100111110001100011001100101110001011101100011011100000001101000000001011010110110110011110001011001101001101
0011010101100001001110001010010001110010010100111010000100111110101100001000000101100011001101110010010001010111101001010000111000
1001000001011111011010110011110001010111110110011000100010010001110111011001111111101101111101101100100100101000110111110001111010
1100111011111110110110011110011011111011000110101101000100101110110000011100010000110010010111101010100001101111010111000000010000
1100001110010001100101100010000000001010110100010011101011111011000101110010000010111011110001101011101001010011001011101111100101
0100001101101111111110100010010010100000010101001011111001101111100011011011010011110001001100011110000010010011010011011110101000
0001101110101010001000011001110010111001111110011011110001110110110111011101100011011100001100110011010000100011000101010000101011
0010010000111100100111110101010001000010001101111110001011001010000011011111111110101001011011100010001100101110001100100000101000
1000001010010011111000001111100110101001010110111111101001101100100100100001010111001010001011110101100011100011001110101011001100
1001011001101001000100000100000100101111111101111111110010011010000000111001001111110001100001100101110111011111100001001111001100
0011101011100101101011011001000111100111110010010010010110110011101010010110010110111100101010100111010000101001111000100111100110
1010110110100111000110011100110100001001001110101001101111101010110111010001111111001101110001011010000001000110111101100010111000
0101001001000101000100010100110010101000011100000100101000111000110110110000011111000111010111110100000101101011001101101000111011
0111000000111011000111010000011001100010110010011111111101001100010110100010101101111011000000101111100001110111000110001110011111
0111100101011000100010101011110001001111101010111101001000001000111000001011101101010000000100000001000101011011010001110100101110
1101110110111011101001010010011101100010101000110001011010111101010001001110100001111011101111000111010001101011100101111101010011
1110110010111101100111111110001101111101110110111001001011010011011001100001111011100010001100010101000011000011000101001110100001
1100000100111101011010111101010001000011101010110100101111111110011010001000011101000010110111101101111101000111111110111000110100
1101111110101111011011010110100111011011101000010110110001001101110111100111011111110001000000001010110100111100110011100110001011
0000001010110101001111101101100100011011100110110001010001110010101010110010110110010100010001101110011101101110011000100100000111
0010000101110000001001100011010000011010110111011011101010110100010101011111110101010111001000100011100100011010111110001011010110
0001000001111000111101001101011001111111010010111100011111000010011010110000101100110001011000110001001000011000000110111010110000
0011000111110011110110000101011100001100100000011110111011110010000101101011110110111101011000011111001101010011010111110001110001
1101010010001011010000010000010011000011001101001000111111101100110110111011110010000111000101101011111011011110010010011001100001
0111000101011001101101100111011110100111001110011010100111000000101100010000001111101010000100110000111011110111001011101011101110
1011111000110100101010111010000000001001000001000110000011110010001001101111110000000010011110101000110000101111111001100000101011
0011101110101110100000011000011010110011011101110000011001000110001111111101000101011111010001011101110110000111101010001010100111
0001111010111011000111011111001101010001010000001001000100100000011100110010101011110101110110000001000000111010110001011111100001
1110101101010101100101011001000001010010111000001011000001011111000011011110110100101110111000110110010001001110101011110000001111
0110011110000111001110001110111111001000100011001010100010111100111100111111100011100110101101100111110001100110010100111100110000
0000100001010001111100101000100000011110101101101001100001110001111000001110010111110100011011010100100111100111001100010101010010
1011101101111011101110110000101011001011111001101111110010010100101011111010001000101001100000110110001101111001100101001111101111
0010010101100011011111011100011100000111111001001010001001110000111010011001101111100010111101101000100000000100111000110000011110
1100011100011011101110011001111000100101000100011101000101001100110110011001111001111001010000000001011100101000101010110010011100
0100101111111000011111111001001001001110010001101101000100101110100001110010110110110110111011110010111100101100000101010101001101
0011100010101000010111010110100001111000100011000001010001000101000100010111001001000011110010100111100111011011000010111101110111
1100101101011000110101010110110100110101111100001000011001011010101111001111100100110100000001011001000110110000011100011101010100
1011011011001110010001000100111001011010111001111000111010111101100010100010001001110111100110111111011000101101101111110001001101
1000000011111111111011111011000011100000001111100100011110000000001000111000111011010011010101111111101000001010101011111010000000
0100011100110111111110010001010001101001111000101000011000110111101010100001111001111110000111111101111101010111101100001000010110
1010000011111110111000000001101100000101100101000011010001111111011110000101011010001010111001110001010110110001011011111110110011
1011111011101111000000011101100011111010000101010101110001100010011000111100011111000011010101100001101110110001100111000111100001
0010010001011001101100110110000111010000001111011000000011101011111101000001101010101101101101010010010000010100101111100110011000
1000010011110111111100011100010010001100110000010110000110010001110111110111100010100010011000111001000010101011011100110010111000
0001101000000001110001010011101100001110111000011110100110110000110110100111111000111011001011000000001111001000010100001101000101
0011100110011011000111110011001111100111000110111100000000001101000101100101000111100011011111011011000001011010101110011111111000
1010011010110110011100001111011000001000001111110011000011100100000110001110101000111011001001111101000011111101100111010001010011
0001111110000000100111001100011101010111011110110011000001000110110111111111111111111010101101000111011101110100000100001101100001
1110001111101010010101111110000010110010101000000011101111011110001100001100111111110000101111000000101100101110011010001010010110
0010001111000011111011001010100011000111001100010100001000101111111000100000010111001001101110100010100000011101011001000111010011
0111100000010100100100110010101101110110101110110001101101011011100111101101010100000001001011100101110101111111100000100010110101
1100011101011011000111110001011010001100100111010000010011010101100110101000101100100111110010101111010100000110111111011100011111
0101011000010110010011100111011101100011111001100010100000110101110101100110111001110100001100000110110111101101110011110100010000
1001011111110011111100010011100101010011001010001110011110011001001110001000010111000000111000110010000111101111001010011010000011
1100011110110001100101100111011001100000001111000111111011001101110010100001110001011101111101010101011101001100100000000110000001
1001110010000101000001101001010001101000101001010101010011111100001010000110010101101001100010011001001001011100001010000110000111
1100011010011001000101111100001001110010101100010000001101111010110110110000100111000001011011111000011011000101010010001011001010
0100010011011001101100101110111000011110101100101100100111111001000101000001101101001011110011011001000000010110010001001010010000
1111010100111010001010111010011000011101011110101110010000110101010000111111100100110100000101101011000011000100000000100100111111
1110111110000011110000101110011111011110111101001110101011101101000111110011010110010111101111001100001100011001110010001001011100
1110110000110001011011111011010000001010111000110011101001110101100100011010011011010101010110011101101111010111010111100110001101
1001111000100101111010010110001101100100011100011011000100001101010010110110010000111011110111110000110110001110101100010000011110
0111100101111000000111110011100101111000010110000110010001111110010000111101001111000010110111010100000010010110000010110101100101
1111010110101010101100010010110111001001010110001000100100000001101000101101000001011101110111111101101110101010101111100011001001
1111011011001110000111110011010000111001000001110001110110100011000010111000101110100100011010100111011011000010100010000010000011
1101011010100000010011000100001001101101101111100001101000001000110011111010011011111010101010110111100011001101111100101001011110
0010100000111101001110111011010000111010010101111011101011110001001000111001010111001110000010000111011101110101001111111011000001
0110010000011110000111011010100001100101101100100011111000010101010001101001001000111100001010011101000011001110011001011001001010
1000101110001110011000101110011001010000001111111111011001010111010010000011001010000010100101001100101011101010001010010000001100
1011001101010011111001000101000111111001100010110111110100000101101100111101101100000011010110100111100011011100001011111111111010

